          70
          69
         217
         243
 -1073944184
        2690
         110
           8
           5
           6
           7
          39
          68
           2
-1
-1
42
41
32 0 0 0
33 0 0 63
34 0 0 0
35 0 1 0
36 0 0 0
37 0 0 15
38 0 0 22
39 0 0 25
40 0 3 29
41 0 0 35
42 0 0 36
43 0 0 40
44 0 0 45
45 0 5 51
46 0 7 52
47 0 8 53
48 0 0 0
49 0 0 0
50 0 0 0
51 0 0 0
52 0 0 0
53 0 0 0
54 0 0 0
55 0 0 0
56 0 0 0
57 0 0 0
58 0 0 34
59 0 0 39
60 0 9 43
61 0 0 44
62 0 12 50
63 0 0 0
64 0 13 56
65 0 0 0
66 0 0 0
67 0 0 0
68 0 0 0
69 0 0 0
70 0 0 0
71 0 0 0
72 0 0 0
73 0 0 0
74 0 0 0
75 0 0 0
76 0 0 0
77 0 0 0
78 0 0 0
79 0 0 0
80 0 0 0
81 0 0 0
82 0 0 0
83 0 0 0
84 0 0 0
85 0 0 0
86 0 0 0
87 0 0 0
88 0 0 0
89 0 0 0
90 0 0 0
91 0 14 28
92 0 0 0
93 0 0 38
94 0 0 42
95 0 15 0
96 0 0 0
97 0 44 0
98 0 0 0
99 0 46 0
100 0 49 0
101 0 52 0
102 0 62 0
103 0 0 0
104 0 0 0
105 0 64 0
106 0 0 0
107 0 0 0
108 0 69 0
109 0 73 0
110 0 75 0
111 0 79 0
112 0 0 0
113 0 0 0
114 0 80 0
115 0 90 0
116 0 96 0
117 0 0 0
118 0 0 0
119 0 103 0
120 0 109 0
121 0 0 0
122 0 0 0
123 0 0 23
124 0 0 24
125 0 0 30
126 0 0 0
32 0 0 0
35 2 0 49
41 0 0 67
35 4 0 46
42 0 0 68
45 6 0 3
62 0 0 12
37 0 0 19
47 0 0 33
60 10 0 2
61 11 0 60
62 0 0 62
61 0 0 9
64 0 0 31
93 0 0 65
69 16 34 0
78 17 30 0
75 18 25 0
83 0 19 0
84 0 20 0
82 0 21 0
73 0 22 0
78 0 23 0
71 0 24 0
95 0 0 0
79 0 26 0
78 0 27 0
83 0 28 0
84 0 29 0
95 0 0 0
65 0 31 0
77 0 32 0
69 0 33 0
95 0 0 0
77 35 40 0
82 0 36 0
82 0 37 0
79 0 38 0
82 0 39 0
95 0 0 0
80 0 41 0
84 0 42 0
89 0 43 0
95 0 0 0
110 0 45 0
100 0 0 16
111 0 47 0
100 0 48 0
101 0 0 20
111 50 0 27
105 0 51 0
118 0 0 61
108 53 60 0
120 54 58 0
110 0 55 0
116 0 56 0
101 0 57 0
114 0 0 58
105 0 59 0
116 0 0 48
115 0 61 0
101 0 0 10
111 0 63 0
114 0 0 66
110 65 66 0
102 0 0 54
110 0 67 0
101 0 68 0
114 0 0 37
101 0 70 0
97 0 71 0
118 0 72 0
101 0 0 41
111 0 74 0
100 0 0 26
111 0 76 0
110 77 78 0
116 0 0 14
101 0 0 13
114 0 0 64
101 0 81 0
115 82 86 0
112 0 83 0
101 0 84 0
97 0 85 0
116 0 0 21
116 0 87 0
97 0 88 0
114 0 89 0
116 0 0 11
117 0 91 0
115 0 92 0
112 0 93 0
101 0 94 0
110 0 95 0
100 0 0 17
104 97 99 0
111 0 98 0
115 0 0 32
101 100 102 0
105 0 101 0
115 0 0 57
110 0 0 18
104 0 104 0
101 105 108 0
105 0 106 0
108 0 107 0
101 0 0 55
110 0 0 47
111 0 110 0
114 0 0 59
0 2081 1 0 0
0 2081 1 0 1
0 2078 1 0 1
0 2075 1 0 1
0 2072 1 0 1
0 2069 1 0 1
0 2063 1 0 1
0 2057 1 0 1
0 2053 1 0 1
0 2049 1 0 1
0 2031 1 0 1
0 2028 1 0 1
0 2024 1 0 1
0 2021 1 0 1
0 2018 1 0 1
0 2015 1 0 1
0 1999 1 0 1
0 1990 1 0 1
0 1983 1 0 1
0 1980 1 0 1
0 1977 1 0 1
0 1964 1 0 1
0 1957 1 0 1
0 1950 1 0 1
0 1943 1 0 1
0 1934 1 0 1
0 1926 1 0 1
0 1918 1 0 1
0 1914 1 0 1
0 1910 1 0 1
0 1907 1 0 1
0 1904 1 0 1
0 1901 1 0 1
0 1898 1 0 1
0 1895 1 0 1
0 1891 1 0 1
0 1887 1 0 1
0 1883 1 0 1
0 1879 1 0 1
0 1875 1 0 1
0 1872 1 0 1
0 1867 1 0 1
0 1863 1 0 1
0 1859 1 0 1
0 1854 1 0 1
0 1849 1 0 1
0 1844 1 0 1
0 1841 1 0 1
0 1837 1 0 1
0 1834 1 0 1
0 1830 1 0 1
0 1826 1 0 1
0 1823 1 0 1
0 1820 1 0 1
0 1817 1 0 1
0 1814 1 0 1
0 1811 1 0 1
0 1807 1 0 1
0 1803 1 0 1
0 1799 1 0 1
0 1793 1 0 1
0 1789 1 0 1
0 1786 1 0 1
0 1782 1 0 1
0 1778 1 0 1
0 1774 1 0 1
0 1770 1 0 1
0 1766 1 0 1
0 1761 1 0 1
0 1756 1 0 1
0 1751 1 0 1
0 1747 1 0 1
0 1742 1 0 1
0 1739 1 0 1
0 1735 1 0 1
0 1732 1 0 1
0 1725 1 0 1
0 1721 1 0 1
0 1717 1 0 1
0 1710 1 0 1
0 1706 1 0 1
0 1703 1 0 1
0 1693 1 0 1
0 1688 1 0 1
0 1684 1 0 1
0 1680 1 0 1
0 1677 1 0 1
0 1673 1 0 1
0 1670 1 0 1
0 1666 1 0 1
0 1663 1 0 1
0 1660 1 0 1
0 1657 1 0 1
0 1653 1 0 1
0 1649 1 0 1
0 1646 1 0 1
0 1639 1 0 1
0 1636 1 0 1
0 1633 1 0 1
0 1625 1 0 1
0 1617 1 0 1
0 1612 1 0 1
0 1608 1 0 1
0 1604 1 0 1
0 1600 1 0 1
0 1594 1 0 1
0 1568 1 0 1
0 1562 1 0 1
0 1557 1 0 1
0 1552 1 0 1
0 1549 1 0 1
0 1543 1 0 1
0 1539 1 0 1
0 1531 1 0 1
0 1527 1 0 1
0 1517 1 0 1
0 1502 1 0 1
0 1487 1 0 1
0 1484 1 0 1
0 1479 1 0 1
0 1474 1 0 1
0 1469 1 0 1
0 1464 1 0 1
0 1459 1 0 1
0 1450 1 0 1
0 1439 1 0 1
0 1433 1 0 1
0 1424 1 0 1
0 1416 1 0 1
0 1407 1 0 1
0 1397 1 0 1
0 1382 1 0 1
0 1378 1 0 1
0 1374 1 0 1
0 1362 1 0 1
0 1359 1 0 1
0 1352 1 0 1
0 1344 1 0 1
0 1335 1 0 1
0 1325 1 0 1
0 1313 1 0 1
0 1295 1 0 1
0 1291 1 0 1
0 1287 1 0 1
0 1283 1 0 1
0 173 1 0 1
0 163 1 0 1
0 156 1 0 1
0 149 1 0 1
150 154 1 217 2
151 153 1 73 0
0 152 1 6 0
0 2127 3 0 6
0 2643 3 0 243
0 155 1 1 3
0 0 0 2 0
157 161 1 216 4
158 160 1 74 0
0 159 1 7 0
0 2134 3 0 7
0 2641 3 0 242
0 162 1 1 3
0 0 0 2 0
164 171 1 215 5
165 170 1 216 0
166 169 1 217 0
167 160 1 74 0
168 153 1 73 0
151 159 1 7 0
0 2638 3 0 241
0 2638 3 0 240
0 172 1 1 3
0 0 0 2 0
174 1281 1 214 6
0 175 1 15 0
176 180 1 155 7
177 179 1 71 0
0 178 1 5 0
0 2123 3 0 4
0 2453 3 0 141
181 1280 2 204 0
182 506 2 211 0
183 505 2 154 0
184 504 2 212 0
185 503 2 213 0
186 502 2 166 0
187 501 2 214 0
188 472 2 74 0
189 311 2 73 0
190 500 2 14 0
191 499 2 13 0
192 494 2 167 0
193 493 2 168 0
194 492 2 169 0
195 491 2 170 0
196 490 2 171 0
197 489 2 172 0
198 488 2 141 0
199 487 2 148 0
200 486 2 145 0
201 175 2 15 0
202 159 2 7 0
203 152 2 6 0
204 485 2 173 0
205 484 2 174 0
206 483 2 175 0
207 482 2 176 0
208 479 2 29 0
209 475 2 89 0
210 467 2 32 0
211 454 2 31 0
212 453 2 177 0
213 452 2 178 0
214 394 2 88 0
215 393 2 118 0
216 443 2 22 0
217 392 2 155 0
218 391 2 180 0
219 390 2 181 0
220 389 2 182 0
221 388 2 183 0
222 387 2 184 0
223 386 2 185 0
224 385 2 77 0
225 179 2 71 0
226 299 2 57 0
227 235 2 79 0
228 178 2 5 0
229 234 2 85 0
230 233 2 86 0
231 232 2 87 0
0 2153 6 0 13
0 2167 3 0 23
0 2167 3 0 22
0 2153 3 0 14
236 1279 1 80 8
237 1278 1 81 0
238 1277 1 82 0
239 1273 1 46 0
0 240 1 23 0
241 1242 2 78 0
242 1241 2 84 0
243 1240 2 90 0
244 1239 2 91 0
245 1238 2 92 0
246 1237 2 93 0
247 1236 2 94 0
248 1235 2 95 0
249 1234 2 96 0
250 1233 2 97 0
251 260 2 98 0
252 259 2 8 0
253 258 2 121 0
254 257 2 72 0
255 256 2 5 0
0 2164 6 0 20
0 2125 3 0 5
0 2322 3 0 86
0 2258 3 0 49
0 2256 3 0 48
261 266 1 34 9
0 262 1 45 0
263 265 1 121 10
264 257 1 72 0
0 256 1 5 0
0 2258 3 2 50
267 1231 2 89 0
268 1230 2 99 0
269 1211 2 28 0
270 1200 2 43 0
271 1156 2 34 0
272 393 2 118 0
273 1155 2 110 0
274 1154 2 111 0
275 1153 2 112 0
276 1152 2 113 0
277 1151 2 114 0
278 1150 2 115 0
279 1149 2 109 0
280 385 2 77 0
281 411 2 88 0
282 1142 2 56 0
283 1127 2 42 0
284 1121 2 49 0
285 235 2 79 0
286 392 2 155 0
287 391 2 180 0
288 390 2 181 0
289 389 2 182 0
290 388 2 183 0
291 387 2 184 0
292 386 2 185 0
293 234 2 85 0
294 179 2 71 0
295 319 2 29 0
296 299 2 57 0
297 233 2 86 0
298 232 2 87 0
231 178 2 5 0
0 300 1 29 11
301 317 2 150 0
302 316 2 151 0
303 315 2 152 0
304 314 2 153 0
305 313 2 154 0
306 312 2 155 0
307 311 2 73 0
308 179 2 71 0
309 152 2 6 0
310 178 2 5 0
0 2433 6 0 134
0 2444 3 0 140
0 2442 3 0 139
0 2440 3 0 138
0 2438 3 0 137
0 2438 3 0 136
0 2433 3 0 135
0 318 1 35 12
0 2533 3 3 186
320 1102 2 163 0
321 663 2 22 0
322 650 2 122 0
323 649 2 164 0
324 648 2 165 0
325 647 2 186 0
326 568 2 187 0
327 567 2 188 0
328 566 2 189 0
329 565 2 190 0
330 564 2 191 0
331 563 2 192 0
332 562 2 193 0
333 561 2 194 0
334 560 2 195 0
335 553 2 196 0
336 552 2 197 0
337 551 2 198 0
338 550 2 199 0
339 549 2 200 0
340 548 2 201 0
341 547 2 202 0
342 518 2 203 0
343 517 2 204 0
344 539 2 40 0
345 514 2 51 0
346 513 2 205 0
347 512 2 206 0
348 511 2 207 0
349 510 2 208 0
350 509 2 209 0
351 508 2 210 0
352 506 2 211 0
353 505 2 154 0
354 504 2 212 0
355 503 2 213 0
356 502 2 166 0
357 501 2 214 0
358 472 2 74 0
359 311 2 73 0
360 500 2 14 0
361 499 2 13 0
362 494 2 167 0
363 493 2 168 0
364 492 2 169 0
365 491 2 170 0
366 490 2 171 0
367 489 2 172 0
368 488 2 141 0
369 487 2 148 0
370 486 2 145 0
371 175 2 15 0
372 159 2 7 0
373 152 2 6 0
374 485 2 173 0
375 484 2 174 0
376 483 2 175 0
377 482 2 176 0
378 479 2 29 0
379 475 2 89 0
380 467 2 32 0
381 454 2 31 0
382 453 2 177 0
383 452 2 178 0
384 394 2 88 0
216 393 2 118 0
0 2314 3 0 82
0 2173 3 0 32
0 2173 3 0 31
0 2173 3 0 30
0 2173 3 0 29
0 2173 3 0 28
0 2173 3 0 27
0 2173 3 0 26
0 2219 3 0 33
395 1116 2 28 0
396 1045 2 52 0
397 406 2 29 0
398 404 2 19 0
399 2646 4 23 24
400 2646 4 46 24
401 2646 4 80 24
402 2646 4 81 24
403 2646 4 82 24
0 2645 4 0 83
176 405 1 155 7
0 2537 3 2 188
0 407 1 34 13
408 1112 2 89 0
409 393 2 118 0
410 385 2 77 0
284 411 2 88 0
412 1045 2 52 0
396 413 2 28 0
414 1109 2 122 0
415 649 2 164 0
416 648 2 165 0
417 647 2 186 0
418 568 2 187 0
419 567 2 188 0
420 566 2 189 0
421 565 2 190 0
422 564 2 191 0
423 563 2 192 0
424 562 2 193 0
425 561 2 194 0
426 560 2 195 0
427 553 2 196 0
428 552 2 197 0
429 551 2 198 0
430 550 2 199 0
431 549 2 200 0
432 548 2 201 0
433 547 2 202 0
434 518 2 203 0
435 517 2 204 0
436 539 2 40 0
437 514 2 51 0
438 513 2 205 0
439 512 2 206 0
440 511 2 207 0
441 510 2 208 0
442 509 2 209 0
181 508 2 210 0
444 450 2 89 0
408 445 2 24 0
408 446 2 89 0
447 448 2 22 0
0 2647 4 0 180
409 449 2 118 0
0 2219 3 2 34
451 448 2 22 0
0 2648 4 0 179
0 2515 3 0 176
0 2515 3 0 175
455 1104 1 88 14
456 392 1 155 0
457 391 1 180 0
458 390 1 181 0
459 389 1 182 0
460 388 1 183 0
461 387 1 184 0
462 386 1 185 0
463 179 1 71 0
464 465 1 29 0
177 299 1 57 0
466 1102 2 163 0
414 650 2 122 0
468 474 2 179 0
469 473 2 211 0
470 472 2 74 0
471 159 2 7 0
0 2525 6 0 181
0 2628 3 0 236
0 2525 3 0 182
0 2509 3 1 172
476 478 2 49 0
477 448 2 22 0
0 2649 4 0 174
0 2507 3 1 171
480 1005 2 163 0
481 798 2 66 0
320 669 2 54 0
0 2499 3 0 168
0 2499 3 0 167
0 2499 3 0 166
0 2499 3 0 165
0 2496 3 0 164
0 2496 3 0 163
0 2496 3 0 162
0 2496 3 0 161
0 2496 3 0 160
0 2496 3 0 159
0 2496 3 0 158
0 2496 3 0 157
495 498 2 65 0
496 497 2 63 0
0 2650 4 0 156
0 2517 3 1 177
0 2503 3 1 169
0 2634 3 0 238
181 507 2 204 0
0 2606 3 0 229
0 2606 3 0 228
0 2606 3 0 227
0 2606 3 0 226
0 2606 3 0 225
0 2606 3 0 224
0 2632 3 1 237
0 2604 3 0 223
0 2604 3 0 222
0 2604 3 0 221
0 2604 3 0 220
0 2604 3 0 219
0 2604 3 0 218
515 519 2 196 0
516 518 2 203 0
437 517 2 204 0
0 2577 3 0 211
0 2577 3 0 210
520 537 2 36 0
521 535 2 53 0
522 533 2 61 0
523 531 2 26 0
524 529 2 16 0
525 526 2 15 0
0 2651 4 0 217
176 527 1 155 7
181 528 2 204 0
0 2626 3 3 235
181 530 2 204 0
0 2624 3 2 234
181 532 2 204 0
0 2622 3 2 233
181 534 2 204 0
0 2620 3 2 232
181 536 2 204 0
0 2618 3 2 231
181 538 2 204 0
0 2616 3 2 230
515 540 2 196 0
541 537 2 36 0
542 535 2 53 0
543 533 2 61 0
544 531 2 26 0
545 529 2 16 0
546 526 2 15 0
0 2652 4 0 216
0 2575 3 0 209
0 2575 3 0 208
0 2573 3 0 207
0 2573 3 0 206
0 2573 3 0 205
0 2573 3 0 204
554 537 2 36 0
555 535 2 53 0
556 533 2 61 0
557 531 2 26 0
558 529 2 16 0
559 526 2 15 0
0 2653 4 0 197
0 2541 3 0 196
0 2541 3 0 195
0 2539 3 0 194
0 2539 3 0 193
0 2539 3 0 192
0 2539 3 0 191
0 2539 3 0 190
0 2539 3 0 189
569 641 2 44 0
570 635 2 43 0
571 629 2 60 0
572 623 2 50 0
573 617 2 9 0
574 611 2 62 0
575 603 2 40 0
576 595 2 51 0
577 587 2 64 0
578 579 2 59 0
0 2654 4 0 154
515 580 2 196 0
581 537 2 36 0
582 535 2 53 0
583 533 2 61 0
584 531 2 26 0
585 529 2 16 0
586 526 2 15 0
0 2655 4 0 215
515 588 2 196 0
589 537 2 36 0
590 535 2 53 0
591 533 2 61 0
592 531 2 26 0
593 529 2 16 0
594 526 2 15 0
0 2656 4 0 214
515 596 2 196 0
597 537 2 36 0
598 535 2 53 0
599 533 2 61 0
600 531 2 26 0
601 529 2 16 0
602 526 2 15 0
0 2657 4 0 213
515 604 2 196 0
605 537 2 36 0
606 535 2 53 0
607 533 2 61 0
608 531 2 26 0
609 529 2 16 0
610 526 2 15 0
0 2658 4 0 212
424 612 2 187 0
613 603 2 40 0
614 595 2 51 0
615 587 2 64 0
616 579 2 59 0
0 2659 4 0 203
424 618 2 187 0
619 603 2 40 0
620 595 2 51 0
621 587 2 64 0
622 579 2 59 0
0 2660 4 0 202
424 624 2 187 0
625 603 2 40 0
626 595 2 51 0
627 587 2 64 0
628 579 2 59 0
0 2661 4 0 201
424 630 2 187 0
631 603 2 40 0
632 595 2 51 0
633 587 2 64 0
634 579 2 59 0
0 2662 4 0 200
424 636 2 187 0
637 603 2 40 0
638 595 2 51 0
639 587 2 64 0
640 579 2 59 0
0 2663 4 0 199
424 642 2 187 0
643 603 2 40 0
644 595 2 51 0
645 587 2 64 0
646 579 2 59 0
0 2664 4 0 198
0 2492 3 0 153
0 2343 3 0 88
0 2343 3 0 87
651 652 2 12 0
0 2665 4 0 151
653 662 2 166 0
654 494 2 167 0
655 493 2 168 0
656 492 2 169 0
657 491 2 170 0
658 490 2 171 0
659 489 2 172 0
660 488 2 141 0
661 487 2 148 0
203 486 2 145 0
0 2494 3 2 155
664 665 2 89 0
408 445 2 24 0
451 666 2 22 0
667 668 2 35 0
409 449 2 118 0
0 2171 3 4 25
414 670 2 122 0
671 1095 1 18 15
672 1083 1 146 0
673 652 1 12 0
674 1082 1 157 0
675 683 1 158 0
676 682 1 159 0
677 681 1 160 0
0 678 1 33 0
414 679 2 122 0
680 652 2 12 0
0 2666 4 0 148
0 2475 3 0 147
0 2473 3 0 145
684 686 1 18 16
676 685 1 159 0
0 2473 3 1 146
687 1080 2 129 0
688 998 2 130 0
689 997 2 131 0
690 995 2 132 0
691 994 2 133 0
692 993 2 134 0
693 992 2 135 0
694 991 2 136 0
695 989 2 122 0
696 988 2 137 0
697 987 2 138 0
698 986 2 139 0
699 985 2 140 0
700 983 2 121 0
701 981 2 41 0
702 979 2 11 0
703 977 2 37 0
704 976 2 17 0
705 649 2 164 0
706 648 2 165 0
707 795 2 29 0
708 794 2 8 0
709 257 2 72 0
710 647 2 186 0
711 568 2 187 0
712 791 2 5 0
713 567 2 188 0
714 566 2 189 0
715 565 2 190 0
716 564 2 191 0
717 563 2 192 0
718 562 2 193 0
719 561 2 194 0
720 560 2 195 0
721 553 2 196 0
722 552 2 197 0
723 551 2 198 0
724 550 2 199 0
725 549 2 200 0
726 548 2 201 0
727 547 2 202 0
728 518 2 203 0
729 517 2 204 0
730 539 2 40 0
731 514 2 51 0
732 513 2 205 0
733 512 2 206 0
734 511 2 207 0
735 510 2 208 0
736 509 2 209 0
737 508 2 210 0
738 506 2 211 0
739 505 2 154 0
740 504 2 212 0
741 503 2 213 0
742 502 2 166 0
743 501 2 214 0
744 472 2 74 0
745 311 2 73 0
746 500 2 14 0
747 499 2 13 0
748 494 2 167 0
749 493 2 168 0
750 492 2 169 0
751 491 2 170 0
752 490 2 171 0
753 489 2 172 0
754 488 2 141 0
755 487 2 148 0
756 486 2 145 0
757 175 2 15 0
758 159 2 7 0
759 152 2 6 0
760 485 2 173 0
761 484 2 174 0
762 483 2 175 0
763 482 2 176 0
764 475 2 89 0
765 467 2 32 0
766 454 2 31 0
767 453 2 177 0
768 452 2 178 0
769 394 2 88 0
770 393 2 118 0
771 443 2 22 0
772 392 2 155 0
773 391 2 180 0
774 390 2 181 0
775 389 2 182 0
776 388 2 183 0
777 387 2 184 0
778 386 2 185 0
779 385 2 77 0
780 179 2 71 0
781 299 2 57 0
782 235 2 79 0
783 2153 6 23 13
784 2153 6 46 13
785 2153 6 80 13
786 2153 6 81 13
787 2153 6 82 13
788 234 2 85 0
789 233 2 86 0
790 232 2 87 0
0 2388 6 0 100
792 256 4 34 5
793 256 4 45 5
0 178 4 0 4
0 2410 3 0 120
796 1070 2 55 0
797 1023 2 47 0
479 1014 2 20 0
799 888 2 100 0
800 887 2 119 0
801 886 2 120 0
802 884 2 122 0
803 880 2 121 0
804 649 2 164 0
805 648 2 165 0
806 257 2 72 0
807 647 2 186 0
808 568 2 187 0
809 791 2 5 0
810 567 2 188 0
811 566 2 189 0
812 565 2 190 0
813 564 2 191 0
814 563 2 192 0
815 562 2 193 0
816 561 2 194 0
817 560 2 195 0
818 553 2 196 0
819 552 2 197 0
820 551 2 198 0
821 550 2 199 0
822 549 2 200 0
823 548 2 201 0
824 547 2 202 0
825 518 2 203 0
826 517 2 204 0
827 539 2 40 0
828 514 2 51 0
829 513 2 205 0
830 512 2 206 0
831 511 2 207 0
832 510 2 208 0
833 509 2 209 0
834 508 2 210 0
835 506 2 211 0
836 505 2 154 0
837 504 2 212 0
838 503 2 213 0
839 502 2 166 0
840 501 2 214 0
841 472 2 74 0
842 311 2 73 0
843 500 2 14 0
844 499 2 13 0
845 494 2 167 0
846 493 2 168 0
847 492 2 169 0
848 491 2 170 0
849 490 2 171 0
850 489 2 172 0
851 488 2 141 0
852 487 2 148 0
853 486 2 145 0
854 175 2 15 0
855 159 2 7 0
856 152 2 6 0
857 485 2 173 0
858 484 2 174 0
859 483 2 175 0
860 482 2 176 0
861 479 2 29 0
862 475 2 89 0
863 467 2 32 0
864 454 2 31 0
865 453 2 177 0
866 452 2 178 0
867 394 2 88 0
868 393 2 118 0
869 443 2 22 0
870 392 2 155 0
871 391 2 180 0
872 390 2 181 0
873 389 2 182 0
874 388 2 183 0
875 387 2 184 0
876 386 2 185 0
877 385 2 77 0
878 179 2 71 0
879 299 2 57 0
228 235 2 79 0
0 881 1 34 13
414 882 2 122 0
883 652 2 12 0
0 2667 4 0 85
885 652 2 12 0
0 2668 4 0 84
0 2269 3 0 59
0 2269 3 0 58
889 897 1 142 17
890 896 1 143 0
891 895 1 144 0
892 894 1 21 0
0 893 1 27 0
0 2419 3 0 125
0 2417 3 0 124
0 2414 3 0 123
0 2414 3 0 122
898 999 2 129 0
899 998 2 130 0
900 2388 6 39 100
901 2388 6 66 100
902 997 2 131 0
903 995 2 132 0
904 994 2 133 0
905 993 2 134 0
906 992 2 135 0
907 991 2 136 0
908 989 2 122 0
909 988 2 137 0
910 987 2 138 0
911 986 2 139 0
912 985 2 140 0
913 983 2 121 0
914 981 2 41 0
915 979 2 11 0
916 977 2 37 0
917 976 2 17 0
918 649 2 164 0
919 648 2 165 0
920 795 2 29 0
921 794 2 8 0
922 257 2 72 0
923 647 2 186 0
924 568 2 187 0
925 791 2 5 0
926 567 2 188 0
927 566 2 189 0
928 565 2 190 0
929 564 2 191 0
930 563 2 192 0
931 562 2 193 0
932 561 2 194 0
933 560 2 195 0
934 553 2 196 0
935 552 2 197 0
936 551 2 198 0
937 550 2 199 0
938 549 2 200 0
939 548 2 201 0
940 547 2 202 0
941 518 2 203 0
942 517 2 204 0
943 539 2 40 0
944 514 2 51 0
945 513 2 205 0
946 512 2 206 0
947 511 2 207 0
948 510 2 208 0
949 509 2 209 0
950 508 2 210 0
951 506 2 211 0
952 505 2 154 0
953 504 2 212 0
954 503 2 213 0
955 502 2 166 0
956 501 2 214 0
957 472 2 74 0
958 311 2 73 0
959 500 2 14 0
960 499 2 13 0
961 494 2 167 0
962 493 2 168 0
963 492 2 169 0
964 491 2 170 0
965 490 2 171 0
966 489 2 172 0
967 488 2 141 0
968 487 2 148 0
969 486 2 145 0
970 175 2 15 0
971 159 2 7 0
972 152 2 6 0
973 485 2 173 0
974 484 2 174 0
975 483 2 175 0
861 482 2 176 0
0 2402 3 0 116
301 978 2 150 0
0 2400 3 1 115
301 980 2 150 0
0 2398 3 1 114
301 982 2 150 0
0 2396 3 1 113
0 984 1 34 13
902 996 2 131 0
0 2391 3 0 111
0 2391 3 0 110
0 2391 3 0 109
0 2391 3 0 108
990 652 2 12 0
0 2669 4 0 107
0 2391 3 0 106
0 2391 3 0 105
0 2391 3 0 104
0 2391 3 0 103
0 2391 3 0 102
0 2394 3 2 112
0 2388 3 0 101
0 2380 3 0 98
1000 1003 1 66 18
0 1001 1 39 0
688 1002 2 130 0
0 2380 3 2 99
0 1004 1 35 12
0 2412 3 6 121
1006 1010 1 35 19
0 1007 1 45 0
414 1008 2 122 0
1009 652 2 12 0
0 2670 4 0 152
1011 1012 2 52 0
0 1622 4 0 170
176 1013 1 155 7
0 2529 3 4 184
1015 1017 1 156 20
164 1016 1 215 0
0 2467 3 0 142
1018 1021 1 20 21
0 1019 1 45 0
164 1020 1 215 5
0 2467 3 2 143
0 1022 1 35 12
0 2408 3 4 119
263 1024 1 121 10
0 1025 1 34 13
455 1026 1 88 14
1027 1051 1 149 22
1028 1045 1 52 0
1029 413 1 28 0
1030 406 1 29 0
1031 404 1 19 0
1032 1050 1 161 0
0 1033 1 33 0
1034 1039 2 116 0
1035 1038 2 117 0
1036 1037 2 44 0
0 2308 6 0 79
0 2312 3 0 81
0 2308 3 0 80
455 1040 1 88 14
1041 1047 1 18 23
1042 1045 1 52 0
1043 413 1 28 0
1044 406 1 29 0
0 404 1 19 0
176 1046 1 155 7
0 2527 3 2 183
687 1048 2 129 0
1049 1001 2 39 0
0 2671 4 0 149
0 2431 3 0 132
1052 1067 2 147 0
1053 1066 2 161 0
1054 1065 2 162 0
1055 1033 2 33 0
1056 1057 2 10 0
0 2425 6 0 129
1058 1063 2 129 0
1059 998 2 130 0
1060 2388 6 1 100
1061 2388 6 39 100
1062 2388 6 47 100
901 2388 6 54 100
1064 1001 2 39 0
0 2672 4 0 150
0 2425 3 0 130
0 2431 3 1 133
0 1068 1 47 24
0 1069 1 35 12
0 2406 3 8 118
414 1071 2 122 0
1072 1073 1 142 25
889 652 1 12 0
1074 1077 2 129 0
1075 998 2 130 0
1076 2388 6 39 100
901 2388 6 55 100
1000 1078 1 55 26
0 1079 1 35 12
0 2404 3 6 117
1081 1001 2 39 0
0 2673 4 0 144
0 2423 3 0 127
1084 1092 2 147 0
1085 1091 2 157 0
1086 1065 2 162 0
1087 683 2 158 0
1088 1057 2 10 0
1089 682 2 159 0
1090 681 2 160 0
1056 678 2 33 0
0 2423 3 1 128
0 1093 1 54 27
0 1094 1 35 12
0 2421 3 6 126
687 1096 2 129 0
1097 1099 2 147 0
1098 1001 2 39 0
1055 1065 2 162 0
0 1100 1 54 27
0 1101 1 35 12
0 2429 3 7 131
1006 1103 1 35 19
0 1012 1 52 28
1105 1045 2 52 0
1106 413 2 28 0
1107 406 2 29 0
1108 404 2 19 0
0 2674 4 0 173
1110 1111 1 38 29
0 652 1 12 0
0 2531 3 3 185
1113 1114 1 34 30
0 448 1 22 0
0 1115 1 35 12
0 2535 3 5 187
414 1117 2 122 0
1109 1118 1 34 31
414 1119 2 122 0
1110 1120 1 38 29
0 2519 3 5 178
455 1122 1 88 14
1123 1045 2 52 0
1124 413 2 28 0
1125 406 2 29 0
1126 404 2 19 0
0 2675 4 0 72
1128 1136 2 116 0
1034 1129 2 24 0
1034 1130 2 116 0
455 1131 1 88 14
1132 1045 2 52 0
1133 413 2 28 0
1134 406 2 29 0
1135 404 2 19 0
0 2676 4 0 78
455 1137 1 88 14
1138 1045 2 52 0
1139 413 2 28 0
1140 406 2 29 0
1141 404 2 19 0
0 2677 4 0 76
1143 1147 2 89 0
408 1144 2 24 0
408 1145 2 89 0
1146 448 2 22 0
0 2678 4 0 77
1148 448 2 22 0
0 2679 4 0 73
0 2266 3 0 57
0 2266 3 0 56
0 2266 3 0 55
0 2266 3 0 54
0 2266 3 0 53
0 2266 3 0 52
0 2266 3 0 51
1157 1170 2 43 0
1158 1167 2 103 0
1159 1164 2 56 0
1160 1163 2 105 0
1161 1162 2 63 0
0 2280 6 0 64
0 2285 3 0 67
0 2280 3 0 65
408 1165 2 89 0
1166 448 2 22 0
0 2680 4 0 75
408 1168 2 89 0
1169 448 2 22 0
0 2681 4 0 47
1159 1171 2 103 0
1172 1177 2 101 0
1173 1176 2 104 0
1174 1175 2 51 0
0 2272 6 0 60
0 2283 3 0 66
0 2272 3 0 61
408 1178 2 89 0
1179 1199 2 102 0
1180 448 2 22 0
1181 1198 2 106 0
1182 1183 2 34 0
0 2277 6 0 62
0 1184 1 50 32
1185 1193 1 107 33
1186 1192 1 108 0
455 1187 1 88 0
1188 1045 2 52 0
1189 413 2 28 0
1190 406 2 29 0
1191 404 2 19 0
0 2682 4 0 71
0 2289 3 0 69
1194 1195 2 45 0
0 2683 4 0 68
1196 1197 1 108 34
455 1187 1 88 0
0 2289 3 2 70
0 2277 3 0 63
0 2252 3 7 46
1172 1201 2 101 0
1202 1209 2 89 0
408 1203 2 56 0
455 1204 1 88 14
1205 1045 2 52 0
1206 413 2 28 0
1207 406 2 29 0
1208 404 2 19 0
0 2684 4 0 74
1179 1210 2 102 0
0 2250 3 5 45
799 1212 2 100 0
0 1213 1 38 35
1214 1229 1 99 36
1215 1155 1 110 0
1216 1154 1 111 0
1217 1153 1 112 0
1218 1152 1 113 0
1219 1151 1 114 0
1220 1150 1 115 0
1221 1149 1 109 0
1222 1142 1 56 0
1223 1227 1 43 0
1224 1226 1 34 0
1225 1127 1 42 0
0 1121 1 49 0
0 1164 1 56 37
1172 1228 2 101 0
0 1203 1 56 37
0 2248 3 5 44
0 2246 3 2 43
1232 448 2 22 0
0 2685 4 0 42
0 2242 3 0 41
0 2242 3 0 40
0 2242 3 0 39
0 2242 3 0 38
0 2242 3 0 37
0 2242 3 0 36
0 2242 3 0 35
0 2164 3 0 21
0 2149 3 0 11
1243 1271 2 83 0
1244 1269 2 39 0
1245 1252 2 123 0
1246 1251 2 126 0
1247 1248 2 58 0
0 2368 6 0 89
414 1249 2 122 0
1250 652 2 12 0
0 2686 4 0 95
0 2368 3 0 90
1253 1260 2 124 0
1254 1259 2 127 0
1255 1256 2 27 0
0 2370 6 0 91
687 1257 2 129 0
1258 1001 2 39 0
0 2687 4 0 96
0 2370 3 0 92
1261 1268 2 125 0
1262 1267 2 128 0
1263 1264 2 48 0
0 2372 6 0 93
414 1265 2 122 0
1266 652 2 12 0
0 2688 4 0 97
0 2372 3 0 94
0 2161 3 2 19
242 1270 2 84 0
0 2149 3 2 12
0 1272 1 30 38
0 2159 3 3 18
241 1274 2 78 0
1243 1275 2 83 0
0 1276 1 67 39
0 2157 3 3 17
0 2155 3 0 16
0 2155 3 0 15
0 2145 3 1 10
0 2636 3 2 239
0 1282 1 1 3
0 0 0 2 0
1284 1285 1 213 40
0 499 1 13 0
0 1286 1 1 3
0 0 0 2 0
1288 1289 1 212 41
0 500 1 14 0
0 1290 1 1 3
0 0 0 2 0
1292 1293 1 211 42
158 472 1 74 0
0 1294 1 1 3
0 0 0 2 0
1296 1310 2 210 0
1297 1304 2 196 0
1298 518 2 203 0
1299 517 2 204 0
1300 513 2 205 0
1301 512 2 206 0
1302 511 2 207 0
1303 510 2 208 0
181 509 2 209 0
1305 526 1 15 43
1306 537 1 36 0
1307 535 1 53 0
1308 533 1 61 0
1309 531 1 26 0
0 529 1 16 0
1311 1312 2 1 0
0 508 4 0 223
0 0 0 2 0
1314 1322 2 209 0
1315 1304 2 196 0
1316 518 2 203 0
1317 517 2 204 0
1318 513 2 205 0
1319 512 2 206 0
1320 511 2 207 0
1321 510 2 208 0
181 508 2 210 0
1323 1324 2 1 0
0 509 4 0 222
0 0 0 2 0
1326 1332 2 208 0
1327 1304 2 196 0
1328 518 2 203 0
1329 517 2 204 0
1330 513 2 205 0
1331 512 2 206 0
441 511 2 207 0
1333 1334 2 1 0
0 510 4 0 221
0 0 0 2 0
1336 1341 2 207 0
1337 1304 2 196 0
1338 518 2 203 0
1339 517 2 204 0
1340 513 2 205 0
440 512 2 206 0
1342 1343 2 1 0
0 511 4 0 220
0 0 0 2 0
1345 1349 2 206 0
1346 1304 2 196 0
1347 518 2 203 0
1348 517 2 204 0
439 513 2 205 0
1350 1351 2 1 0
0 512 4 0 219
0 0 0 2 0
1353 1356 2 205 0
1354 1304 2 196 0
1355 518 2 203 0
438 517 2 204 0
1357 1358 2 1 0
0 513 4 0 218
0 0 0 2 0
181 1360 2 204 0
0 1361 1 1 3
0 0 0 2 0
1363 1371 2 203 0
1364 513 2 205 0
1365 512 2 206 0
1366 511 2 207 0
1367 510 2 208 0
1368 509 2 209 0
1369 508 2 210 0
1370 1304 2 196 0
181 517 2 204 0
1372 1373 2 1 0
0 518 4 0 210
0 0 0 2 0
1375 1376 1 202 44
0 514 1 51 0
0 1377 1 1 3
0 0 0 2 0
1379 1380 1 201 45
0 539 1 40 0
0 1381 1 1 3
0 0 0 2 0
1383 1394 2 200 0
1384 1390 2 187 0
1385 561 2 194 0
1386 560 2 195 0
1387 553 2 196 0
1388 552 2 197 0
1389 551 2 198 0
431 550 2 199 0
1391 579 1 59 46
1392 603 1 40 0
1393 595 1 51 0
0 587 1 64 0
1395 1396 2 1 0
0 549 4 0 207
0 0 0 2 0
1398 1404 2 199 0
1399 1390 2 187 0
1400 561 2 194 0
1401 560 2 195 0
1402 553 2 196 0
1403 552 2 197 0
430 551 2 198 0
1405 1406 2 1 0
0 550 4 0 206
0 0 0 2 0
1408 1413 2 198 0
1409 1390 2 187 0
1410 561 2 194 0
1411 560 2 195 0
1412 553 2 196 0
429 552 2 197 0
1414 1415 2 1 0
0 551 4 0 205
0 0 0 2 0
1417 1421 2 197 0
1418 1390 2 187 0
1419 561 2 194 0
1420 560 2 195 0
428 553 2 196 0
1422 1423 2 1 0
0 552 4 0 204
0 0 0 2 0
515 1425 2 196 0
1426 1432 1 1 47
1427 537 1 36 0
1428 535 1 53 0
1429 533 1 61 0
1430 531 1 26 0
1431 529 1 16 0
0 526 1 15 0
0 0 0 2 0
1434 1437 1 195 48
1435 548 1 201 0
1436 547 1 202 0
1375 539 1 40 0
0 1438 1 1 3
0 0 0 2 0
1440 1447 2 194 0
1441 552 2 197 0
1442 551 2 198 0
1443 550 2 199 0
1444 549 2 200 0
1445 1390 2 187 0
1446 560 2 195 0
431 553 2 196 0
1448 1449 2 1 0
0 561 4 0 195
0 0 0 2 0
1451 1457 2 193 0
424 1452 2 187 0
1453 611 1 62 49
1454 603 1 40 0
1455 595 1 51 0
1456 587 1 64 0
0 579 1 59 0
0 1458 1 1 3
0 0 0 2 0
1460 1462 2 192 0
424 1461 2 187 0
1453 617 1 9 50
0 1463 1 1 3
0 0 0 2 0
1465 1467 2 191 0
424 1466 2 187 0
1453 623 1 50 51
0 1468 1 1 3
0 0 0 2 0
1470 1472 2 190 0
424 1471 2 187 0
1453 629 1 60 52
0 1473 1 1 3
0 0 0 2 0
1475 1477 2 189 0
424 1476 2 187 0
1453 635 1 43 53
0 1478 1 1 3
0 0 0 2 0
1480 1482 2 188 0
424 1481 2 187 0
1453 641 1 44 54
0 1483 1 1 3
0 0 0 2 0
424 1485 2 187 0
1453 1486 1 1 55
0 0 0 2 0
1488 1500 2 186 0
1489 567 2 188 0
1490 566 2 189 0
1491 565 2 190 0
1492 564 2 191 0
1493 563 2 192 0
1494 562 2 193 0
424 1495 2 187 0
1496 641 1 44 56
1497 635 1 43 0
1498 629 1 60 0
1499 623 1 50 0
1452 617 1 9 0
0 1501 1 1 3
0 0 0 2 0
1503 1514 1 185 14
1504 1510 1 88 0
1505 392 1 155 0
1506 391 1 180 0
1507 390 1 181 0
1508 389 1 182 0
1509 388 1 183 0
462 387 1 184 0
1511 404 1 19 57
1512 1045 1 52 0
1513 413 1 28 0
0 406 1 29 0
1515 1516 2 1 0
0 386 4 0 32
0 0 0 2 0
1518 1524 1 184 14
1519 1510 1 88 0
1520 392 1 155 0
1521 391 1 180 0
1522 390 1 181 0
1523 389 1 182 0
461 388 1 183 0
1525 1526 2 1 0
0 387 4 0 31
0 0 0 2 0
1528 1529 1 183 58
0 299 1 57 0
0 1530 1 1 3
0 0 0 2 0
1532 1536 1 182 14
1533 1510 1 88 0
1534 392 1 155 0
1535 391 1 180 0
459 390 1 181 0
1537 1538 2 1 0
0 389 4 0 29
0 0 0 2 0
1540 1541 1 181 59
0 465 1 29 0
0 1542 1 1 3
0 0 0 2 0
1544 1546 1 180 14
1545 1510 1 88 0
457 392 1 155 0
1547 1548 2 1 0
0 391 4 0 27
0 0 0 2 0
468 1550 2 179 0
0 1551 1 1 3
0 0 0 2 0
1553 1555 1 178 60
0 1554 1 22 0
0 445 1 24 61
0 1556 1 1 3
0 0 0 2 0
1558 1560 1 177 62
0 1559 1 22 0
408 450 2 89 0
0 1561 1 1 3
0 0 0 2 0
1563 1566 1 176 63
455 1564 1 88 0
1565 1116 1 28 57
1043 1045 1 52 0
0 1567 1 1 3
0 0 0 2 0
1569 1591 2 175 0
1570 1590 2 167 0
1571 485 2 173 0
1572 484 2 174 0
1573 482 2 176 0
1574 1589 2 89 0
1575 453 2 177 0
1576 452 2 178 0
1577 394 2 88 0
1578 393 2 118 0
1579 443 2 22 0
1580 392 2 155 0
1581 391 2 180 0
1582 390 2 181 0
1583 389 2 182 0
1584 388 2 183 0
1585 387 2 184 0
1586 386 2 185 0
1587 385 2 77 0
1588 179 2 71 0
225 319 2 29 0
477 448 2 22 0
0 497 1 63 64
1592 1593 2 1 0
0 483 4 0 167
0 0 0 2 0
1595 1598 1 174 65
1596 453 1 177 0
1597 452 1 178 0
0 443 1 22 0
0 1599 1 1 3
0 0 0 2 0
1601 1602 2 173 0
408 1589 2 89 0
0 1603 1 1 3
0 0 0 2 0
1605 1606 1 172 66
0 454 1 31 0
0 1607 1 1 3
0 0 0 2 0
1609 1610 1 171 67
0 467 1 32 0
0 1611 1 1 3
0 0 0 2 0
1613 1615 2 170 0
408 1614 2 89 0
1113 478 1 49 68
0 1616 1 1 3
0 0 0 2 0
1618 1623 1 169 69
0 1619 1 29 0
1620 1621 2 163 0
414 650 2 122 0
1006 1622 1 35 19
0 2505 3 2 170
0 1624 1 1 3
0 0 0 2 0
1626 1631 2 168 0
1627 1630 2 167 0
1628 485 2 173 0
1629 484 2 174 0
1572 483 2 175 0
1590 498 1 65 70
0 1632 1 1 3
0 0 0 2 0
1627 1634 2 167 0
1590 1635 1 1 71
0 0 0 2 0
653 1637 2 166 0
0 1638 1 1 3
0 0 0 2 0
1640 1643 2 165 0
1641 1642 2 122 0
416 649 2 164 0
0 652 1 12 72
1644 1645 2 1 0
0 648 4 0 88
0 0 0 2 0
416 1647 2 164 0
0 1648 1 1 3
0 0 0 2 0
1650 1651 2 163 0
414 650 2 122 0
1006 1652 1 1 73
0 0 0 2 0
1654 1655 1 162 74
0 1057 1 10 0
0 1656 1 1 3
0 0 0 2 0
1032 1658 1 161 75
0 1659 1 1 3
0 0 0 2 0
677 1661 1 160 76
0 1662 1 1 3
0 0 0 2 0
676 1664 1 159 77
0 1665 1 1 3
0 0 0 2 0
675 1667 1 158 78
1668 1669 1 1 79
676 685 1 159 0
0 0 0 2 0
674 1671 1 157 80
0 1672 1 1 3
0 0 0 2 0
1674 1675 1 156 20
164 1016 1 215 0
1018 1676 1 1 73
0 0 0 2 0
176 1678 1 155 7
0 1679 1 1 3
0 0 0 2 0
1681 1682 1 154 81
151 311 1 73 0
0 1683 1 1 3
0 0 0 2 0
1685 1686 1 153 82
176 312 1 155 0
0 1687 1 1 3
0 0 0 2 0
1689 1691 1 152 83
1690 313 1 154 0
151 311 1 73 0
0 1692 1 1 3
0 0 0 2 0
1694 1701 1 151 84
1695 315 1 152 0
1696 314 1 153 0
1697 313 1 154 0
1698 312 1 155 0
1699 311 1 73 0
1700 179 1 71 0
177 152 1 6 0
0 1702 1 1 3
0 0 0 2 0
301 1704 2 150 0
0 1705 1 1 3
0 0 0 2 0
1031 1707 1 149 85
1708 1709 1 1 86
1032 1066 1 161 0
0 0 0 2 0
1711 1715 1 148 87
0 1712 1 29 0
0 1713 1 54 27
414 1714 2 122 0
1110 1095 1 18 88
0 1716 1 1 3
0 0 0 2 0
1718 1719 2 147 0
1055 1065 2 162 0
0 1720 1 1 3
0 0 0 2 0
673 1722 1 146 89
1723 1724 1 1 90
674 1091 1 157 0
0 0 0 2 0
1726 1730 1 145 91
0 1727 1 29 0
0 1728 1 54 27
414 1729 2 122 0
672 1083 1 146 92
0 1731 1 1 3
0 0 0 2 0
892 1733 1 144 93
0 1734 1 1 3
0 0 0 2 0
1736 1737 1 143 94
0 894 1 21 0
0 1738 1 1 3
0 0 0 2 0
889 1740 1 142 17
0 1741 1 1 3
0 0 0 2 0
1743 1745 1 141 95
0 1744 1 29 0
0 798 1 66 96
0 1746 1 1 3
0 0 0 2 0
1748 1749 1 140 97
0 794 1 8 0
0 1750 1 1 3
0 0 0 2 0
1752 1754 1 139 98
0 1753 1 29 0
0 1014 1 20 99
0 1755 1 1 3
0 0 0 2 0
1757 1759 1 138 100
0 1758 1 29 0
0 1023 1 47 24
0 1760 1 1 3
0 0 0 2 0
1762 1764 1 137 101
0 1763 1 29 0
0 1070 1 55 102
0 1765 1 1 3
0 0 0 2 0
1767 1768 1 136 103
0 976 1 17 0
0 1769 1 1 3
0 0 0 2 0
1771 1772 1 135 104
0 977 1 37 0
0 1773 1 1 3
0 0 0 2 0
1775 1776 1 134 105
0 979 1 11 0
0 1777 1 1 3
0 0 0 2 0
1779 1780 1 133 106
0 981 1 41 0
0 1781 1 1 3
0 0 0 2 0
1783 1784 1 132 107
263 983 1 121 0
0 1785 1 1 3
0 0 0 2 0
902 1787 2 131 0
0 1788 1 1 3
0 0 0 2 0
1790 1791 2 130 0
901 2388 6 1 100
0 1792 1 1 3
0 0 0 2 0
1794 1797 2 129 0
1795 998 2 130 0
1796 2388 6 1 100
901 2388 6 39 100
1000 1798 1 1 108
0 0 0 2 0
1800 1801 1 128 109
0 1264 1 48 0
0 1802 1 1 3
0 0 0 2 0
1804 1805 1 127 110
0 1256 1 27 0
0 1806 1 1 3
0 0 0 2 0
1808 1809 1 126 111
0 1248 1 58 0
0 1810 1 1 3
0 0 0 2 0
1261 1812 2 125 0
0 1813 1 1 3
0 0 0 2 0
1253 1815 2 124 0
0 1816 1 1 3
0 0 0 2 0
1245 1818 2 123 0
0 1819 1 1 3
0 0 0 2 0
414 1821 2 122 0
1110 1822 1 1 112
0 0 0 2 0
263 1824 1 121 10
0 1825 1 1 3
0 0 0 2 0
1827 1828 1 120 113
263 880 1 121 0
0 1829 1 1 3
0 0 0 2 0
1831 1832 2 119 0
414 884 2 122 0
0 1833 1 1 3
0 0 0 2 0
409 1835 2 118 0
0 1836 1 1 3
0 0 0 2 0
1838 1839 1 117 114
0 1037 1 44 0
0 1840 1 1 3
0 0 0 2 0
1034 1842 2 116 0
0 1843 1 1 3
0 0 0 2 0
1845 1847 1 115 115
0 1846 1 42 0
0 1129 1 24 61
0 1848 1 1 3
0 0 0 2 0
1850 1852 1 114 116
0 1851 1 56 0
0 1144 1 24 61
0 1853 1 1 3
0 0 0 2 0
1855 1857 1 113 117
0 1856 1 42 0
1034 1136 2 116 0
0 1858 1 1 3
0 0 0 2 0
1860 1861 1 112 118
0 1226 1 34 0
0 1862 1 1 3
0 0 0 2 0
1864 1865 1 111 119
0 1227 1 43 0
0 1866 1 1 3
0 0 0 2 0
1868 1870 1 110 120
0 1869 1 56 0
408 1147 2 89 0
0 1871 1 1 3
0 0 0 2 0
1225 1873 1 109 121
0 1874 1 1 3
0 0 0 2 0
1876 1877 1 108 34
455 1187 1 88 0
0 1878 1 1 3
0 0 0 2 0
1185 1880 1 107 33
1881 1882 1 1 73
0 1195 1 45 0
0 0 0 2 0
1884 1885 1 106 122
0 1183 1 34 0
0 1886 1 1 3
0 0 0 2 0
1888 1889 1 105 123
0 1162 1 63 0
0 1890 1 1 3
0 0 0 2 0
1892 1893 1 104 124
0 1175 1 51 0
0 1894 1 1 3
0 0 0 2 0
1159 1896 2 103 0
0 1897 1 1 3
0 0 0 2 0
1180 1899 2 102 0
0 1900 1 1 3
0 0 0 2 0
1172 1902 2 101 0
0 1903 1 1 3
0 0 0 2 0
799 1905 2 100 0
0 1906 1 1 3
0 0 0 2 0
1214 1908 1 99 36
0 1909 1 1 3
0 0 0 2 0
1911 1912 1 98 125
263 258 1 121 0
261 1913 1 1 73
0 0 0 2 0
1915 1916 1 97 126
0 259 1 8 0
0 1917 1 1 3
0 0 0 2 0
1919 1924 1 96 127
1920 1921 1 98 0
263 258 1 121 0
261 1922 1 34 9
0 1923 1 34 13
1159 1167 2 103 0
0 1925 1 1 3
0 0 0 2 0
1927 1932 1 95 128
1928 1929 1 98 0
263 258 1 121 0
261 1930 1 34 9
0 1931 1 34 13
0 1170 1 43 129
0 1933 1 1 3
0 0 0 2 0
1935 1941 1 94 130
1936 1937 1 98 0
263 258 1 121 0
261 1938 1 34 9
0 1939 1 43 129
1172 1940 2 101 0
408 1209 2 89 0
0 1942 1 1 3
0 0 0 2 0
1944 1948 1 93 131
1945 1946 1 98 0
263 258 1 121 0
261 1947 1 34 9
0 1211 1 28 132
0 1949 1 1 3
0 0 0 2 0
1951 1955 1 92 133
1952 1953 1 98 0
263 258 1 121 0
261 1954 1 34 9
1214 1230 1 99 36
0 1956 1 1 3
0 0 0 2 0
1958 1962 1 91 134
1959 1960 1 98 0
263 258 1 121 0
261 1961 1 34 9
408 1231 2 89 0
0 1963 1 1 3
0 0 0 2 0
1965 1975 1 90 135
1966 1239 1 91 0
1967 1238 1 92 0
1968 1237 1 93 0
1969 1236 1 94 0
1970 1235 1 95 0
1971 1234 1 96 0
1972 1233 1 97 0
1973 260 1 98 0
1974 259 1 8 0
263 258 1 121 0
0 1976 1 1 3
0 0 0 2 0
408 1978 2 89 0
1113 1979 1 1 136
0 0 0 2 0
455 1981 1 88 14
1041 1982 1 1 137
0 0 0 2 0
1984 1988 1 87 138
0 1985 1 29 0
0 1986 1 22 139
408 1987 2 89 0
0 666 1 22 139
0 1989 1 1 3
0 0 0 2 0
1991 1997 1 86 140
455 1992 1 88 0
1993 1045 2 52 0
1994 413 2 28 0
1995 406 2 29 0
1996 404 2 19 0
0 2646 4 0 24
0 1998 1 1 3
0 0 0 2 0
2000 2013 1 85 141
2001 233 1 86 0
2002 232 1 87 0
2003 1992 1 88 0
2004 319 1 29 0
2005 392 1 155 0
2006 391 1 180 0
2007 390 1 181 0
2008 389 1 182 0
2009 388 1 183 0
2010 387 1 184 0
2011 386 1 185 0
2012 179 1 71 0
177 299 1 57 0
0 2014 1 1 3
0 0 0 2 0
242 2016 2 84 0
0 2017 1 1 3
0 0 0 2 0
1244 2019 2 83 0
0 2020 1 1 3
0 0 0 2 0
239 2022 1 82 142
0 2023 1 1 3
0 0 0 2 0
2025 2026 1 81 143
0 1273 1 46 0
0 2027 1 1 3
0 0 0 2 0
236 2029 1 80 8
0 2030 1 1 3
0 0 0 2 0
2032 2047 2 79 0
2033 234 2 85 0
2034 233 2 86 0
2035 232 2 87 0
2036 1992 2 88 0
2037 319 2 29 0
2038 392 2 155 0
2039 391 2 180 0
2040 390 2 181 0
2041 389 2 182 0
2042 388 2 183 0
2043 387 2 184 0
2044 386 2 185 0
2045 179 2 71 0
2046 299 2 57 0
231 178 2 5 0
0 2048 1 1 3
0 0 0 2 0
241 2050 2 78 0
2051 2052 1 1 108
0 1269 1 39 0
0 0 0 2 0
2054 2055 2 77 0
2032 235 2 79 0
0 2056 1 1 3
0 0 0 2 0
2058 2061 2 76 0
241 2059 2 78 0
2060 1269 2 39 0
0 2689 4 0 9
0 2062 1 1 3
0 0 0 2 0
2064 2067 2 75 0
2065 2066 2 77 0
2032 235 2 79 0
0 2141 3 0 8
0 2068 1 1 3
0 0 0 2 0
158 2070 1 74 144
0 2071 1 1 3
0 0 0 2 0
151 2073 1 73 145
0 2074 1 1 3
0 0 0 2 0
264 2076 1 72 146
0 2077 1 1 3
0 0 0 2 0
177 2079 1 71 147
0 2080 1 1 3
0 0 0 2 0
2082 2121 2 70 0
2083 2119 2 8 0
2084 2118 2 75 0
2085 2117 2 76 0
2086 2066 2 77 0
2087 2059 2 78 0
2088 235 2 79 0
2089 1241 2 84 0
2090 234 2 85 0
2091 2164 6 1 20
2092 2164 6 39 20
2093 1240 2 90 0
2094 233 2 86 0
2095 232 2 87 0
2096 1239 2 91 0
2097 1238 2 92 0
2098 1237 2 93 0
2099 1236 2 94 0
2100 1235 2 95 0
2101 1234 2 96 0
2102 1233 2 97 0
2103 1992 2 88 0
2104 319 2 29 0
2105 260 2 98 0
2106 392 2 155 0
2107 391 2 180 0
2108 390 2 181 0
2109 389 2 182 0
2110 388 2 183 0
2111 387 2 184 0
2112 386 2 185 0
2113 258 2 121 0
2114 179 2 71 0
2115 299 2 57 0
2116 257 2 72 0
231 791 2 5 0
0 2121 3 0 3
0 2121 3 0 2
2120 2690 4 1 1
0 259 4 0 48
0 2122 1 1 3
0 0 0 2 0
2124 2079 5 2078
0 179 5 0
2126 2076 5 2075
0 257 5 0
2128 153 5 149
2129 153 5 163
2130 153 5 1014
2131 153 5 1019
2132 153 5 1673
2133 2073 5 2072
0 311 5 0
2135 160 5 156
2136 160 5 163
2137 160 5 1014
2138 160 5 1019
2139 160 5 1673
2140 2070 5 2069
0 472 5 0
2142 2118 5 2081
0 2067 5 0
2144 2117 5 2081
0 2061 5 0
2146 2055 5 2053
2147 2066 5 2063
2148 2066 5 2081
0 385 5 0
2150 1242 5 240
2151 1274 5 1273
2152 2050 5 2049
0 2059 5 0
2154 2047 5 2031
0 235 5 0
2156 2029 5 2028
0 1279 5 0
2158 2026 5 2024
0 1278 5 0
2160 2022 5 2021
0 1277 5 0
2162 1275 5 1274
2163 2019 5 2018
0 1271 5 0
2165 1270 5 1269
2166 2016 5 2015
0 1241 5 0
2168 2013 5 1999
0 234 5 0
2170 1997 5 1990
0 233 5 0
2172 1988 5 1983
0 232 5 0
2174 411 5 266
2175 411 5 407
2176 411 5 443
2177 411 5 445
2178 411 5 448
2179 1104 5 454
2180 411 5 663
2181 411 5 666
2182 1026 5 1025
2183 1040 5 1039
2184 1122 5 1121
2185 1131 5 1130
2186 1137 5 1136
2187 411 5 1142
2188 411 5 1144
2189 411 5 1164
2190 411 5 1167
2191 411 5 1177
2192 1187 5 1184
2193 1187 5 1195
2194 411 5 1201
2195 1204 5 1203
2196 1510 5 1502
2197 1510 5 1517
2198 1510 5 1531
2199 1510 5 1543
2200 411 5 1559
2201 1564 5 1562
2202 411 5 1600
2203 411 5 1612
2204 411 5 1834
2205 411 5 1869
2206 1187 5 1875
2207 1187 5 1879
2208 411 5 1940
2209 411 5 1961
2210 411 5 1977
2211 1981 5 1980
2212 411 5 1986
2213 1992 5 1990
2214 1992 5 1999
2215 1992 5 2031
2216 1992 5 2053
2217 1992 5 2063
2218 1992 5 2081
0 394 5 0
2220 1231 5 266
2221 1112 5 407
2222 450 5 443
2223 446 5 445
2224 665 5 663
2225 1147 5 1142
2226 1145 5 1144
2227 1165 5 1164
2228 1168 5 1167
2229 1178 5 1177
2230 1209 5 1201
2231 450 5 1559
2232 1589 5 1568
2233 1589 5 1600
2234 1614 5 1612
2235 1589 5 1625
2236 1589 5 1633
2237 1147 5 1869
2238 1209 5 1940
2239 1231 5 1961
2240 1978 5 1977
2241 1987 5 1986
0 475 5 0
2243 1975 5 1964
0 1240 5 0
2245 1962 5 1957
0 1239 5 0
2247 1955 5 1950
0 1238 5 0
2249 1948 5 1943
0 1237 5 0
2251 1941 5 1934
0 1236 5 0
2253 1932 5 1926
0 1235 5 0
2255 1924 5 1918
0 1234 5 0
2257 1916 5 1914
0 1233 5 0
2259 1912 5 1910
2260 1921 5 1918
2261 1929 5 1926
2262 1937 5 1934
2263 1946 5 1943
2264 1953 5 1950
2265 1960 5 1957
0 260 5 0
2267 1229 5 1213
2268 1908 5 1907
0 1230 5 0
2270 1212 5 1211
2271 1905 5 1904
0 888 5 0
2273 1201 5 1200
2274 1228 5 1227
2275 1902 5 1901
2276 1940 5 1939
0 1177 5 0
2278 1210 5 1209
2279 1899 5 1898
0 1199 5 0
2281 1171 5 1170
2282 1896 5 1895
0 1167 5 0
2284 1893 5 1891
0 1176 5 0
2286 1889 5 1887
0 1163 5 0
2288 1885 5 1883
0 1198 5 0
2290 1880 5 1879
0 1193 5 0
2292 1197 5 1195
2293 1877 5 1875
0 1192 5 0
2295 1873 5 1872
0 1149 5 0
2297 1870 5 1867
0 1155 5 0
2299 1865 5 1863
0 1154 5 0
2301 1861 5 1859
0 1153 5 0
2303 1857 5 1854
0 1152 5 0
2305 1852 5 1849
0 1151 5 0
2307 1847 5 1844
0 1150 5 0
2309 1039 5 1033
2310 1130 5 1129
2311 1842 5 1841
0 1136 5 0
2313 1839 5 1837
0 1038 5 0
2315 449 5 448
2316 449 5 666
2317 1835 5 1834
0 393 5 0
2319 1832 5 1830
0 887 5 0
2321 1828 5 1826
0 886 5 0
2323 265 5 262
2324 983 5 686
2325 880 5 798
2326 983 5 897
2327 983 5 984
2328 983 5 1001
2329 1024 5 1023
2330 983 5 1047
2331 983 5 1057
2332 983 5 1073
2333 983 5 1095
2334 880 5 1211
2335 983 5 1256
2336 983 5 1782
2337 983 5 1786
2338 983 5 1789
2339 983 5 1793
2340 1824 5 1823
2341 880 5 1826
2342 880 5 1904
0 258 5 0
2344 650 5 319
2345 1109 5 413
2346 650 5 465
2347 650 5 479
2348 670 5 669
2349 679 5 678
2350 650 5 795
2351 884 5 798
2352 882 5 881
2353 1008 5 1007
2354 1071 5 1070
2355 1117 5 1116
2356 1119 5 1118
2357 884 5 1211
2358 1249 5 1248
2359 1265 5 1264
2360 650 5 1619
2361 1642 5 1639
2362 650 5 1649
2363 1714 5 1713
2364 1729 5 1728
2365 1821 5 1820
2366 884 5 1830
2367 884 5 1904
0 989 5 0
2369 1818 5 1817
0 1252 5 0
2371 1815 5 1814
0 1260 5 0
2373 1812 5 1811
0 1268 5 0
2375 1809 5 1807
0 1251 5 0
2377 1805 5 1803
0 1259 5 0
2379 1801 5 1799
0 1267 5 0
2381 999 5 897
2382 1048 5 1047
2383 1063 5 1057
2384 1077 5 1073
2385 1096 5 1095
2386 1257 5 1256
2387 1797 5 1793
0 1080 5 0
2389 1002 5 1001
2390 1791 5 1789
0 998 5 0
2392 996 5 984
2393 1787 5 1786
0 997 5 0
2395 1784 5 1782
0 995 5 0
2397 1780 5 1778
0 994 5 0
2399 1776 5 1774
0 993 5 0
2401 1772 5 1770
0 992 5 0
2403 1768 5 1766
0 991 5 0
2405 1764 5 1761
0 988 5 0
2407 1759 5 1756
0 987 5 0
2409 1754 5 1751
0 986 5 0
2411 1749 5 1747
0 985 5 0
2413 1745 5 1742
0 488 5 0
2415 1073 5 1071
2416 1740 5 1739
0 897 5 0
2418 1737 5 1735
0 896 5 0
2420 1733 5 1732
0 895 5 0
2422 1730 5 1725
0 486 5 0
2424 1722 5 1721
0 1083 5 0
2426 1092 5 1083
2427 1099 5 1096
2428 1719 5 1717
0 1067 5 0
2430 1715 5 1710
0 487 5 0
2432 1707 5 1706
0 1051 5 0
2434 978 5 977
2435 980 5 979
2436 982 5 981
2437 1704 5 1703
0 317 5 0
2439 1701 5 1693
0 316 5 0
2441 1691 5 1688
0 315 5 0
2443 1686 5 1684
0 314 5 0
2445 313 5 300
2446 313 5 977
2447 313 5 979
2448 313 5 981
2449 1682 5 1680
2450 313 5 1688
2451 313 5 1693
2452 313 5 1703
0 505 5 0
2454 180 5 175
2455 312 5 300
2456 405 5 404
2457 527 5 526
2458 312 5 977
2459 312 5 979
2460 312 5 981
2461 1013 5 1012
2462 1046 5 1045
2463 1678 5 1677
2464 312 5 1684
2465 312 5 1693
2466 312 5 1703
0 392 5 0
2468 1675 5 1673
0 1017 5 0
2470 1091 5 1083
2471 1671 5 1670
2472 1091 5 1722
0 1082 5 0
2474 1667 5 1666
0 683 5 0
2476 685 5 683
2477 1664 5 1663
2478 685 5 1667
0 682 5 0
2480 1661 5 1660
0 681 5 0
2482 1066 5 1051
2483 1658 5 1657
2484 1066 5 1707
0 1050 5 0
2486 1655 5 1653
0 1065 5 0
2488 1005 5 479
2489 1005 5 795
2490 1621 5 1619
2491 1651 5 1649
0 1102 5 0
2493 1647 5 1646
0 649 5 0
2495 1643 5 1639
0 648 5 0
2497 662 5 652
2498 1637 5 1636
0 502 5 0
2500 1590 5 1568
2501 1630 5 1625
2502 1634 5 1633
0 494 5 0
2504 1631 5 1625
0 493 5 0
2506 1623 5 1617
0 492 5 0
2508 1615 5 1612
0 491 5 0
2510 1610 5 1608
0 490 5 0
2512 1606 5 1604
0 489 5 0
2514 1602 5 1600
0 485 5 0
2516 1598 5 1594
0 484 5 0
2518 1591 5 1568
0 483 5 0
2520 1566 5 1562
0 482 5 0
2522 1560 5 1557
0 453 5 0
2524 1555 5 1552
0 452 5 0
2526 1550 5 1549
0 474 5 0
2528 1546 5 1543
0 391 5 0
2530 1541 5 1539
0 390 5 0
2532 1536 5 1531
0 389 5 0
2534 1529 5 1527
0 388 5 0
2536 1524 5 1517
0 387 5 0
2538 1514 5 1502
0 386 5 0
2540 1500 5 1487
0 647 5 0
2542 612 5 611
2543 618 5 617
2544 624 5 623
2545 630 5 629
2546 636 5 635
2547 642 5 641
2548 1390 5 1382
2549 1390 5 1397
2550 1390 5 1407
2551 1390 5 1416
2552 1390 5 1439
2553 1452 5 1450
2554 1461 5 1459
2555 1466 5 1464
2556 1471 5 1469
2557 1476 5 1474
2558 1481 5 1479
2559 1485 5 1484
2560 1495 5 1487
0 568 5 0
2562 1482 5 1479
0 567 5 0
2564 1477 5 1474
0 566 5 0
2566 1472 5 1469
0 565 5 0
2568 1467 5 1464
0 564 5 0
2570 1462 5 1459
0 563 5 0
2572 1457 5 1450
0 562 5 0
2574 1447 5 1439
0 561 5 0
2576 1437 5 1433
0 560 5 0
2578 519 5 514
2579 540 5 539
2580 580 5 579
2581 588 5 587
2582 596 5 595
2583 604 5 603
2584 1304 5 1295
2585 1304 5 1313
2586 1304 5 1325
2587 1304 5 1335
2588 1304 5 1344
2589 1304 5 1352
2590 1304 5 1362
2591 1425 5 1424
0 553 5 0
2593 1421 5 1416
0 552 5 0
2595 1413 5 1407
0 551 5 0
2597 1404 5 1397
0 550 5 0
2599 1394 5 1382
0 549 5 0
2601 1380 5 1378
0 548 5 0
2603 1376 5 1374
0 547 5 0
2605 1371 5 1362
0 518 5 0
2607 1280 5 180
2608 507 5 500
2609 528 5 527
2610 530 5 529
2611 532 5 531
2612 534 5 533
2613 536 5 535
2614 538 5 537
2615 1360 5 1359
0 517 5 0
2617 1356 5 1352
0 513 5 0
2619 1349 5 1344
0 512 5 0
2621 1341 5 1335
0 511 5 0
2623 1332 5 1325
0 510 5 0
2625 1322 5 1313
0 509 5 0
2627 1310 5 1295
0 508 5 0
2629 473 5 467
2630 1293 5 1291
2631 473 5 1549
0 506 5 0
2633 1289 5 1287
0 504 5 0
2635 1285 5 1283
0 503 5 0
2637 1281 5 173
0 501 5 0
2639 171 5 163
2640 1020 5 1019
0 1016 5 0
2642 161 5 156
0 170 5 0
2644 154 5 149
0 169 5 0
0 2314 3 0 83
0 2169 3 0 24
0 2523 3 2 180
0 2521 3 1 179
0 2513 3 0 174
0 2496 3 0 156
0 2602 3 1 217
0 2600 3 1 216
0 2541 3 0 197
0 2492 3 0 154
0 2598 3 2 215
0 2596 3 2 214
0 2594 3 2 213
0 2592 3 2 212
0 2571 3 2 203
0 2569 3 2 202
0 2567 3 2 201
0 2565 3 2 200
0 2563 3 2 199
0 2561 3 2 198
0 2487 3 0 151
0 2479 3 1 148
0 2320 3 2 85
0 2318 3 0 84
0 2391 3 0 107
0 2487 3 2 152
0 2481 3 4 149
0 2485 3 1 150
0 2469 3 2 144
0 2511 3 1 173
0 2294 3 1 72
0 2306 3 3 78
0 2302 3 2 76
0 2304 3 2 77
0 2296 3 1 73
0 2300 3 2 75
0 2254 3 4 47
0 2291 3 0 71
0 2287 3 2 68
0 2298 3 3 74
0 2244 3 2 42
0 2374 3 1 95
0 2376 3 1 96
0 2378 3 1 97
0 2143 3 0 9
0 2121 3 0 1

    1 1 70 8 _ERROR_.-1
    2 1 70 75 ?.1
    3 1 70 76 ?.1
    4 1 71 5 ^.-3
    5 1 72 5 :.-4
    6 1 73 6 %.-5
    7 1 74 7 '.-6
    8 1 75 77 DescriptorForm.2
    9 1 76 78 AttributesForm.3
   10 2 77 79 80 ObjectDescriptor.4
   11 1 78 84 Attributes.8
   12 3 78 78 39 84 +.8
   13 0 79 _EMPTY_.9
   14 1 79 85 ?.-2
   15 1 80 81 ?.5
   16 1 80 82 ?.5
   17 4 81 46 78 83 67 LongMainPart.6
   18 4 82 23 78 83 30 ShortMainPart.7
   19 3 83 123 124 125 ActionPart.43
   20 0 84 _EMPTY_.13
   21 1 84 90 ?.-2
   22 1 85 86 ?.10
   23 1 85 87 ?.10
   24 1 86 88 SimplePrefix.11
   25 5 87 29 22 89 22 35 CompositePrefix.12
   26 1 88 155 ?.95
   27 1 88 180 ?.95
   28 1 88 181 ?.95
   29 1 88 182 ?.95
   30 1 88 183 ?.95
   31 1 88 184 ?.95
   32 1 88 185 ?.95
   33 1 89 118 Merge.40
   34 3 89 89 22 118 +.40
   35 1 90 91 ?.14
   36 1 90 92 ?.14
   37 1 90 93 ?.14
   38 1 90 94 ?.14
   39 1 90 95 ?.14
   40 1 90 96 ?.14
   41 1 90 97 ?.14
   42 3 91 98 34 89 PatternDecl.15
   43 3 92 98 34 99 SimpleDecl.16
   44 6 93 98 34 28 100 38 99 RepetitionDecl.17
   45 6 94 98 34 43 101 89 102 VirtualDecl.18
   46 8 95 98 34 34 43 103 101 89 102 BindingDecl.19
   47 5 96 98 34 34 103 89 FinalDecl.20
   48 1 97 8 ErrorDecl.143
   49 1 98 121 Names.132
   50 3 98 98 45 121 +.132
   51 1 99 110 ?.30
   52 1 99 111 ?.30
   53 1 99 112 ?.30
   54 1 99 113 ?.30
   55 1 99 114 ?.30
   56 1 99 115 ?.30
   57 1 99 109 ?.30
   58 1 100 119 ?.41
   59 1 100 120 ?.41
   60 0 101 _EMPTY_.21
   61 1 101 104 ?.-2
   62 0 102 _EMPTY_.25
   63 1 102 106 ?.-2
   64 0 103 _EMPTY_.23
   65 1 103 105 ?.-2
   66 1 104 51 Disown.22
   67 1 105 63 Swap.24
   68 3 106 34 50 107 RestrictionPart.26
   69 1 107 108 Restrictions.27
   70 3 107 107 45 108 +.27
   71 1 108 88 Restriction.28
   72 2 109 49 88 VariablePattern.29
   73 2 110 56 89 StaticItem.31
   74 4 111 43 101 56 88 VirtualStaticItem.32
   75 3 112 34 56 89 FinalStaticItem.33
   76 3 113 42 116 88 DynamicItem.34
   77 3 114 56 24 89 StaticComponent.37
   78 4 115 42 24 116 88 DynamicComponent.38
   79 0 116 _EMPTY_.35
   80 1 116 117 ?.-2
   81 1 117 44 Exact.36
   82 1 118 77 ?.39
   83 1 118 88 ?.39
   84 1 119 122 SimpleIndex.138
   85 3 120 121 34 122 NamedIndex.42
   86 1 121 72 NameDcl.133
   87 1 122 164 ?.81
   88 1 122 165 ?.81
   89 0 123 _EMPTY_.44
   90 1 123 126 ?.-2
   91 0 124 _EMPTY_.45
   92 1 124 127 ?.-2
   93 0 125 _EMPTY_.46
   94 1 125 128 ?.-2
   95 2 126 58 122 EnterPart.47
   96 2 127 27 129 DoPart.48
   97 2 128 48 122 ExitPart.49
   98 1 129 130 Imperatives.50
   99 3 129 129 39 130 +.50
  100 0 130 _EMPTY_.51
  101 1 130 131 ?.-2
  102 1 131 132 ?.52
  103 1 131 133 ?.52
  104 1 131 134 ?.52
  105 1 131 135 ?.52
  106 1 131 136 ?.52
  107 1 131 122 ?.52
  108 1 131 137 ?.52
  109 1 131 138 ?.52
  110 1 131 139 ?.52
  111 1 131 140 ?.52
  112 3 132 121 34 131 LabelledImp.53
  113 2 133 41 150 LeaveImp.62
  114 2 134 11 150 RestartImp.63
  115 2 135 37 150 InnerImp.64
  116 1 136 17 SuspendImp.69
  117 7 137 29 55 122 142 129 55 35 WhileImp.58
  118 9 138 29 47 121 34 88 149 147 47 35 WhenImp.61
  119 5 139 29 20 156 20 35 CodeImp.70
  120 1 140 8 ErrorImp.144
  121 7 141 29 66 100 142 129 66 35 ForImp.54
  122 1 142 143 ?.55
  123 1 142 144 ?.55
  124 1 143 21 Rep.56
  125 1 144 27 Doit.57
  126 7 145 29 54 122 146 147 54 35 GeneralIfImp.59
  127 1 146 157 Alternatives.71
  128 2 146 146 157 +.71
  129 0 147 _EMPTY_.78
  130 1 147 162 ?.-2
  131 8 148 29 54 122 18 129 147 54 35 SimpleIfImp.60
  132 1 149 161 WhenAlternatives.76
  133 2 149 149 161 +.76
  134 0 150 _EMPTY_.65
  135 1 150 151 ?.-2
  136 1 151 152 ?.66
  137 1 151 153 ?.66
  138 1 152 154 IntegerScopeSpec.67
  139 1 153 155 NameAplScopeSpec.68
  140 1 154 73 IntegerConst.137
  141 1 155 71 NameApl.134
  142 1 156 215 CodeItems.139
  143 3 156 156 45 215 +.139
  144 3 157 158 18 129 Alternative.72
  145 1 158 159 Selections.73
  146 2 158 158 159 +.73
  147 1 159 160 ?.74
  148 2 160 33 122 CaseSelection.75
  149 5 161 33 116 88 18 129 WhenAlternative.77
  150 2 162 10 129 ElsePart.79
  151 1 163 122 Evaluations.80
  152 3 163 163 45 122 +.80
  153 1 164 186 ?.102
  154 1 164 187 ?.102
  155 3 165 122 12 166 AssignmentEvaluation.82
  156 1 166 167 ?.83
  157 1 166 168 ?.83
  158 1 166 169 ?.83
  159 1 166 170 ?.83
  160 1 166 171 ?.83
  161 1 166 172 ?.83
  162 1 166 141 ?.83
  163 1 166 148 ?.83
  164 1 166 145 ?.83
  165 1 167 173 ?.84
  166 1 167 174 ?.84
  167 1 167 175 ?.84
  168 1 167 176 ?.84
  169 2 168 167 65 ObjectReference.88
  170 3 169 29 163 35 EvalList.90
  171 2 170 89 49 StructureReference.89
  172 2 171 32 179 Primitive.93
  173 2 172 31 88 Address.94
  174 1 173 89 ObjectDenotation.86
  175 1 174 177 ?.85
  176 1 174 178 ?.85
  177 2 175 167 63 ComputedObjectEvaluation.87
  178 6 176 88 28 122 34 122 38 RepetitionSlice.128
  179 2 177 22 89 DynamicItemGeneration.91
  180 3 178 22 24 89 DynamicComponentGeneration.92
  181 0 179 _EMPTY_.135
  182 1 179 211 ?.-2
  183 3 180 88 52 155 Remote.96
  184 5 181 29 163 35 52 155 ComputedRemote.97
  185 4 182 88 28 122 38 Indexed.98
  186 4 183 57 29 150 35 ThisObject.99
  187 6 184 88 29 34 89 34 35 QualifiedAttrDen.100
  188 3 185 88 19 155 RemotePrimitive.101
  189 1 186 188 ?.103
  190 1 186 189 ?.103
  191 1 186 190 ?.103
  192 1 186 191 ?.103
  193 1 186 192 ?.103
  194 1 186 193 ?.103
  195 1 187 194 ?.104
  196 1 187 195 ?.104
  197 1 187 196 ?.104
  198 3 188 187 44 187 EqExp.109
  199 3 189 187 43 187 LtExp.110
  200 3 190 187 60 187 LeExp.111
  201 3 191 187 50 187 GtExp.112
  202 3 192 187 9 187 GeExp.113
  203 3 193 187 62 187 NeExp.114
  204 1 194 197 ?.105
  205 1 194 198 ?.105
  206 1 194 199 ?.105
  207 1 194 200 ?.105
  208 1 195 201 ?.106
  209 1 195 202 ?.106
  210 1 196 203 ?.107
  211 1 196 204 ?.107
  212 3 197 187 40 196 PlusExp.115
  213 3 198 187 51 196 MinusExp.116
  214 3 199 187 64 196 OrExp.117
  215 3 200 187 59 196 XorExp.118
  216 2 201 40 196 UnaryPlusExp.119
  217 2 202 51 196 UnaryMinusExp.120
  218 1 203 205 ?.108
  219 1 203 206 ?.108
  220 1 203 207 ?.108
  221 1 203 208 ?.108
  222 1 203 209 ?.108
  223 1 203 210 ?.108
  224 1 204 211 ?.127
  225 1 204 154 ?.127
  226 1 204 212 ?.127
  227 1 204 213 ?.127
  228 1 204 166 ?.127
  229 1 204 214 ?.127
  230 3 205 196 36 204 TimesExp.121
  231 3 206 196 53 204 RealDivExp.122
  232 3 207 196 61 204 IntDivExp.123
  233 3 208 196 26 204 ModExp.124
  234 3 209 196 16 204 AndExp.125
  235 4 210 196 15 155 204 PrimitiveExp.126
  236 1 211 74 TextConst.136
  237 2 212 14 204 NotExp.129
  238 1 213 13 NoneExp.130
  239 3 214 15 155 204 UnaryPrimitiveExp.131
  240 1 215 216 ?.140
  241 1 215 217 ?.140
  242 1 216 74 CodeString.141
  243 1 217 73 CodeConst.142
69 StartSymbol
1 -EOF-
2 <<
3 --
4 _EMPTY_
5 _NAME_
6 _KONST_
7 _STRING_
8 _ERROR_
9 >=
10 else
11 restart
12 ->
13 none
14 not
15 %
16 and
17 suspend
18 then
19 .%
20 code
21 repeat
22 &
23 {
24 |
25 '
26 mod
27 do
28 [
29 (
30 }
31 @@
32 tos
33 //
34 :
35 )
36 *
37 inner
38 ]
39 ;
40 +
41 leave
42 ^
43 <
44 =
45 ,
46 (#
47 when
48 exit
49 ##
50 >
51 -
52 .
53 /
54 if
55 while
56 @
57 this
58 enter
59 xor
60 <=
61 div
62 <>
63 !
64 or
65 []
66 for
67 #)
68 (*
 194 addexp
 172 address
 157 alternative
 209 andexp
 165 assignmentevaluation
 146 alternatives
 90 attributedecl
 88 attributedenotation
 84 attributedeclopt
 83 actionpart
 78 attributes
 76 attributesform
 217 codeconst
 160 caseselection
 215 codeitem
 216 codestring
 156 codeitems
 139 codeimp
 95 bindingdecl
 181 computedremote
 175 computedobjectevaluation
 87 compositeprefix
 104 disown
 144 doit
 127 dopart
 124 dopartopt
 178 dynamiccomponentgeneration
 115 dynamiccomponent
 177 dynamicitemgeneration
 174 dynamicobjectgeneration
 162 elsepart
 147 elsepartopt
 126 enterpart
 188 eqexp
 123 enterpartopt
 113 dynamicitem
 101 disownopt
 169 evallist
 140 errorimp
 163 evaluations
 122 evaluation
 117 exact
 128 exitpart
 204 factor
 164 expression
 125 exitpartopt
 116 exactopt
 97 errordecl
 192 geexp
 191 gtexp
 145 generalifimp
 141 forimp
 131 imp
 130 impopt
 129 imperatives
 112 finalstaticitem
 182 indexed
 207 intdivexp
 154 integerconst
 152 integerscopespec
 135 innerimp
 190 leexp
 133 leaveimp
 132 labelledimp
 100 index
 96 finaldecl
 189 ltexp
 81 longmainpart
 208 modexp
 203 mulexp
 198 minusexp
 155 nameapl
 153 nameaplscopespec
 89 merge
 80 mainpart
 75 descriptorform
 73 const
 121 namedcl
 120 namedindex
 213 noneexp
 212 notexp
 193 neexp
 173 objectdenotation
 98 names
 168 objectreference
 199 orexp
 118 objectspecification
 197 plusexp
 91 patterndecl
 85 prefix
 210 primitiveexp
 206 realdivexp
 184 qualifiedattrden
 171 primitive
 167 reference
 186 relationalexp
 185 remoteprimitive
 180 remote
 143 rep
 142 repdo
 99 referencespecification
 176 repetitionslice
 134 restartimp
 108 restriction
 151 scopespec
 159 selection
 158 selections
 150 scopespecopt
 107 restrictions
 106 restrictionpart
 102 restrictionopt
 93 repetitiondecl
 195 signedterm
 187 simpleexp
 179 simpleentry
 148 simpleifimp
 119 simpleindex
 92 simpledecl
 114 staticcomponent
 110 staticitem
 86 simpleprefix
 82 shortmainpart
 79 prefixopt
 77 objectdescriptor
 170 structurereference
 136 suspendimp
 105 swap
 211 textconst
 196 term
 205 timesexp
 183 thisobject
 202 unaryminusexp
 214 unaryprimitiveexp
 201 unaryplusexp
 166 transaction
 109 variablepattern
 103 swapopt
 161 whenalternative
 149 whenalternatives
 138 whenimp
 200 xorexp
 137 whileimp
 111 virtualstaticitem
 94 virtualdecl
 74 string
 72 namedecl
 71 nameappl
 70 betaform
